<<<<<<< HEAD
String villes[] = { "Reims", "Paris", "Strasbourg"};
int distances[][] = { {0, 144, 348}, {144, 0, 488}, {348, 488, 0}};

String villes2[] = {
    "Bordeaux", "Brest", "Caen", "Dijon", "Lille", "Lyon",
    "Marseille", "Paris", "Poitiers", "Reims", "Strasbourg",
    "Toulouse", "Tours"
  };
int distances2[][] = {
    {0, 0, 0, 0, 0, 588, 0, 0, 233, 0, 0, 244, 0},
    {0, 0, 371, 0, 0, 0, 0, 593, 514, 0, 0, 0, 0},
    {0, 371, 0, 0, 391, 0, 0, 238, 0, 0, 0, 0, 0},
    {0, 0, 0, 0, 0, 196, 0, 315, 0, 0, 335, 0, 421},
    {0, 0, 391, 0, 0, 0, 0, 226, 0, 202, 0, 0, 0},
    {588, 0, 0, 196, 0, 0, 315, 0, 508, 0, 496, 0, 0},
    {0, 0, 0, 0, 0, 315, 0, 0, 0, 0, 0, 407, 0},
    {0, 593, 238, 315, 226, 0, 0, 0, 0, 144, 488, 0, 239},
    {233, 514, 0, 0, 0, 508, 0, 0, 0, 0, 0, 0, 106},
    {0, 0, 0, 0, 202, 0, 0, 144, 0, 0, 348, 0, 0},
    {0, 0, 0, 335, 0, 496, 0, 488, 0, 348, 0, 0, 0},
    {244, 0, 0, 0, 0, 0, 407, 0, 0, 0, 0, 0, 0},
    {0, 0, 0, 421, 0, 0, 0, 239, 106, 0, 0, 0, 0}
=======
String villes[] = { "Reims", "Paris", "Strasbourg"};
int distances[][] = { {0, 144, 348}, {144, 0, 488}, {348, 488, 0}};

String villes2[] = {
    "Bordeaux", "Brest", "Caen", "Dijon", "Lille", "Lyon",
    "Marseille", "Paris", "Poitiers", "Reims", "Strasbourg",
    "Toulouse", "Tours"
  };
int distances2[][] = {
    {0, 0, 0, 0, 0, 588, 0, 0, 233, 0, 0, 244, 0},
    {0, 0, 371, 0, 0, 0, 0, 593, 514, 0, 0, 0, 0},
    {0, 371, 0, 0, 391, 0, 0, 238, 0, 0, 0, 0, 0},
    {0, 0, 0, 0, 0, 196, 0, 315, 0, 0, 335, 0, 421},
    {0, 0, 391, 0, 0, 0, 0, 226, 0, 202, 0, 0, 0},
    {588, 0, 0, 196, 0, 0, 315, 0, 508, 0, 496, 0, 0},
    {0, 0, 0, 0, 0, 315, 0, 0, 0, 0, 0, 407, 0},
    {0, 593, 238, 315, 226, 0, 0, 0, 0, 144, 488, 0, 239},
    {233, 514, 0, 0, 0, 508, 0, 0, 0, 0, 0, 0, 106},
    {0, 0, 0, 0, 202, 0, 0, 144, 0, 0, 348, 0, 0},
    {0, 0, 0, 335, 0, 496, 0, 488, 0, 348, 0, 0, 0},
    {244, 0, 0, 0, 0, 0, 407, 0, 0, 0, 0, 0, 0},
    {0, 0, 0, 421, 0, 0, 0, 239, 106, 0, 0, 0, 0}
>>>>>>> TP10 corriger
  };